512
537
562
587
611
636
660
684
707
730
753
775
796
816
836
855
874
891
907
923
937
951
963
974
985
994
1001
1008
1014
1018
1021
1023
1023
1023
1021
1018
1014
1008
1001
994
985
974
963
951
937
923
907
891
874
855
836
816
796
775
753
730
707 
684 
660 
636 
611 
587 
562 
537 
512 
486 
461 
436 
412 
387 
363 
339 
316 
293 
270 
248 
227 
207 
187 
168 
149 
132 
116 
100 
86 
72 
60 
49 
38 
29 
22 
15 
9 
5 
2 
0 
4
0 
2
5 
9 
15 
22 
29 
38 
49 
60 
72 
86 
100 
116 
132 
149 
168 
187 
206 
227 
248 
270 
293 
316 
339 
363
387 
412 
436 
461 
